10 
-9 10 99 
-9 10 10 
-9 8 10 99 
-9 8 10 10 
-9 8 8 10 
-9 -9 8 10 
-12 -9 8 10 99 
-12 -9 8 10 10 
-12 -9 8 8 10 
-12 -9 0 8 10 99 
-12 -9 0 8 10 12 99 
-12 -9 0 8 10 12 12 
-12 -9 0 8 10 10 12 
-12 -9 0 8 8 10 12 
-12 -9 0 0 8 10 12 
-12 -9 -4 0 8 10 12 99 
-12 -9 -4 0 8 10 12 21 99 
-12 -9 -4 0 8 10 12 21 21 
-12 -9 -4 0 8 10 12 12 21 
-12 -9 -4 0 8 10 10 12 21 
-12 -9 -4 0 8 8 10 12 21 
-12 -9 -4 0 7 8 10 12 21 99 
^^INSERTION SORT

10 -9 99 8 -12 0 12 -4 21 7 
-9 10 99 8 -12 0 12 -4 21 7 
-9 10 99 8 -12 0 12 -4 21 7 
-9 10 99 -12 8 0 12 -4 21 7 
-12 -9 8 10 99 0 12 -4 21 7 
-12 -9 8 10 99 0 12 -4 21 7 
-12 -9 8 10 99 -4 0 12 21 7 
-12 -9 8 10 99 -4 0 12 7 21 
-12 -9 8 10 99 -4 0 7 12 21 
-12 -9 -4 0 7 8 10 12 21 99 
^^MERGE SORT

10 -9 99 8 -12 0 12 -4 21 7 
-9 -12 0 -4 7 99 12 8 21 10 
-9 -12 -4 0 7 99 12 8 21 10 
-12 -9 -4 0 7 99 12 8 21 10 
-12 -9 -4 0 7 8 10 99 21 12 
-12 -9 -4 0 7 8 10 12 21 99 
-12 -9 -4 0 7 8 10 12 21 99 
-12 -9 -4 0 7 8 10 12 21 99 
^^QUICK SORT

